# time[ns]	divertor_load[W]	error[W]	
1539179711343392256	131252.13415442745	31524.42088391371	
1539179711353392384	35420.260904253795	31524.42088391371	
1539179711363392512	99990.02093473065	31524.42088391371	
1539179711373392384	153134.61081560494	31524.42088391371	
1539179711383392256	92944.6742174729	31524.42088391371	
1539179711393392384	36582.69385483786	31524.42088391371	
1539179711403392512	165111.7721218821	31524.42088391371	
1539179711413392384	132730.90466067116	31524.42088391371	
1539179711423392256	310188.70674449916	31524.42088391371	
1539179711433392384	257764.26505638703	31524.42088391371	
1539179711443392512	485026.1093605282	31524.42088391371	
1539179711453392384	447785.80211737036	31524.42088391371	
1539179711463392256	472990.0900739632	31524.42088391371	
1539179711473392384	658297.4936476267	31524.42088391371	
1539179711483392512	563370.0424697855	31524.42088391371	
1539179711493392384	718294.1246564604	31524.42088391371	
1539179711503392256	760635.69111269	31524.42088391371	
1539179711513392384	845930.7658631047	31524.42088391371	
1539179711523392512	751131.8896568095	31524.42088391371	
1539179711533392384	777179.1516120422	31524.42088391371	
1539179711543392256	858625.4071350057	31524.42088391371	
1539179711553392384	808568.7046924143	31524.42088391371	
1539179711563392512	891867.7269055754	31524.42088391371	
1539179711573392384	1024968.530292287	31524.42088391371	
1539179711583392256	894518.8046410641	31524.42088391371	
1539179711593392384	992796.1578914366	31524.42088391371	
1539179711603392512	999155.2872463221	31524.42088391371	
1539179711613392384	919462.0823308242	31524.42088391371	
1539179711623392256	892766.7056936859	31524.42088391371	
1539179711633392384	1123519.498018654	31524.42088391371	
1539179711643392512	1070031.6347461941	31524.42088391371	
1539179711653392384	1059999.855527176	31524.42088391371	
1539179711663392256	1340927.0568200487	31524.42088391371	
1539179711673392384	1258048.507315499	31524.42088391371	
1539179711683392512	1424679.5458784013	31524.42088391371	
1539179711693392384	1532073.199237852	31524.42088391371	
1539179711703392256	1751201.3285692562	31524.42088391371	
1539179711713392384	1637641.4058720854	31524.42088391371	
1539179711723392512	1874942.9080020324	31524.42088391371	
1539179711733392384	2093957.2285475598	31524.42088391371	
1539179711743392512	1992436.9121634378	31524.42088391371	
1539179711753392384	2232371.4381422866	31524.42088391371	
1539179711763392512	2271627.4980998994	31524.42088391371	
1539179711773392384	2370442.6596807768	31524.42088391371	
1539179711783392256	2236245.2803363525	31524.42088391371	
1539179711793392384	2374775.2183048255	31524.42088391371	
1539179711803392512	2380123.043699398	31524.42088391371	
1539179711813392384	2362182.6080084853	31524.42088391371	
1539179711823392256	2490819.2829171726	31524.42088391371	
1539179711833392384	2407189.9321670956	31524.42088391371	
1539179711843392512	2393053.078500693	31524.42088391371	
1539179711853392384	2350252.288062434	31524.42088391371	
1539179711863392256	2334514.3679715013	31524.42088391371	
1539179711873392384	2313178.262678299	31524.42088391371	
1539179711883392512	2512451.3463638136	31524.42088391371	
1539179711893392384	2387121.389307677	31524.42088391371	
1539179711903392512	2489505.5527683627	31524.42088391371	
1539179711913392384	2432796.339620146	31524.42088391371	
1539179711923392512	2412543.028294462	31524.42088391371	
1539179711933392384	2386128.0188530176	31524.42088391371	
1539179711943392256	2430807.9882091405	31524.42088391371	
1539179711953392384	2365295.3010769933	31524.42088391371	
1539179711963392512	2414385.4747597077	31524.42088391371	
1539179711973392384	2526999.382258894	31524.42088391371	
1539179711983392256	2260984.0340724876	31524.42088391371	
1539179711993392384	2417283.2390576326	31524.42088391371	
1539179712003392512	2394777.5028473665	31524.42088391371	
1539179712013392384	2530492.267599376	31524.42088391371	
1539179712023392256	2317625.24826059	31524.42088391371	
1539179712033392384	2434003.5163745163	31524.42088391371	
1539179712043392512	2440767.655995049	31524.42088391371	
1539179712053392384	2593888.771782579	31524.42088391371	
1539179712063392256	2645497.9815836856	31524.42088391371	
1539179712073392384	2695601.0306859347	31524.42088391371	
1539179712083392512	2908971.4212742057	31524.42088391371	
1539179712093392384	2992631.2088793963	31524.42088391371	
1539179712103392256	3114584.9524950376	31524.42088391371	
1539179712113392384	3335643.601585962	31524.42088391371	
1539179712123392512	3163861.440074929	31524.42088391371	
1539179712133392384	3491550.5924734077	31524.42088391371	
1539179712143392256	3493125.38657244	31524.42088391371	
1539179712153392384	3598227.91420374	31524.42088391371	
1539179712163392512	3628762.7496373137	31524.42088391371	
1539179712173392384	3796675.51003469	31524.42088391371	
1539179712183392256	3682343.2785740104	31524.42088391371	
1539179712193392384	3819217.3442575145	31524.42088391371	
1539179712203392512	4109122.6304525696	31524.42088391371	
1539179712213392384	4067045.9638687614	31524.42088391371	
1539179712223392256	4125890.9788046554	31524.42088391371	
1539179712233392384	4217835.366032092	31524.42088391371	
1539179712243392512	4274007.224718461	31524.42088391371	
1539179712253392384	4342179.907535843	31524.42088391371	
1539179712263392256	4291289.502053312	31524.42088391371	
1539179712273392384	4381130.443936056	31524.42088391371	
1539179712283392512	4366707.86449562	31524.42088391371	
1539179712293392384	4534471.6128177205	31524.42088391371	
1539179712303392256	4396551.68083164	31524.42088391371	
1539179712313392384	4587340.934448848	31524.42088391371	
1539179712323392512	4626673.924330475	31524.42088391371	
1539179712333392384	4598443.391457036	31524.42088391371	
1539179712333392384	4598443.391457036	31524.42088391371	
1539179712343392256	4811819.150384264	31524.42088391371	
1539179712353392384	4841833.370812916	31524.42088391371	
1539179712363392512	4949764.948003499	31524.42088391371	
1539179712373392384	4988600.813430064	31524.42088391371	
1539179712383392256	5138325.7227814095	31524.42088391371	
1539179712393392384	5064475.875108323	31524.42088391371	
1539179712403392512	5015079.689837397	31524.42088391371	
1539179712413392384	5037882.409065811	31524.42088391371	
1539179712423392256	4961198.452580669	31524.42088391371	
1539179712433392384	4941843.183023933	31524.42088391371	
1539179712443392512	4963624.795379747	31524.42088391371	
1539179712453392384	4848220.24634636	31524.42088391371	
1539179712463392256	5021549.010043056	31524.42088391371	
1539179712473392384	4928373.207197474	31524.42088391371	
1539179712483392512	4954035.445375672	31524.42088391371	
1539179712493392384	5176678.437701894	31524.42088391371	
1539179712503392256	5073720.122255966	31524.42088391371	
1539179712513392384	5064089.192026519	31524.42088391371	
1539179712523392512	4906290.626238529	31524.42088391371	
1539179712533392384	4922016.735983757	31524.42088391371	
1539179712543392256	4819745.40524732	31524.42088391371	
1539179712553392384	4878960.96571276	31524.42088391371	
1539179712563392512	4792907.094145312	31524.42088391371	
1539179712573392384	4944444.501137605	31524.42088391371	
1539179712583392256	4835936.80357083	31524.42088391371	
1539179712593392384	4776863.081127698	31524.42088391371	
1539179712603392512	4864018.69852595	31524.42088391371	
1539179712613392384	4644215.736452331	31524.42088391371	
1539179712623392256	4648331.446717925	31524.42088391371	
1539179712633392384	4663812.3372467	31524.42088391371	
1539179712643392512	4808003.546534029	31524.42088391371	
1539179712653392384	4675602.885167558	31524.42088391371	
1539179712663392256	4777762.505650619	31524.42088391371	
1539179712673392384	4584819.588317934	31524.42088391371	
1539179712683392512	4740962.623442526	31524.42088391371	
1539179712693392384	4610005.963916875	31524.42088391371	
1539179712703392256	4502695.715023576	31524.42088391371	
1539179712713392384	4544304.132308829	31524.42088391371	
1539179712723392512	4605306.942954426	31524.42088391371	
1539179712733392384	4478033.403180642	31524.42088391371	
1539179712743392256	4615590.256508634	31524.42088391371	
1539179712753392384	4462850.374125482	31524.42088391371	
1539179712763392512	4406518.5714735985	31524.42088391371	
1539179712773392384	4554504.431821538	31524.42088391371	
1539179712783392256	4358189.758396461	31524.42088391371	
1539179712793392384	4403410.433359356	31524.42088391371	
1539179712803392512	4497682.792641417	31524.42088391371	
1539179712813392384	4505431.941121992	31524.42088391371	
1539179712823392256	4385146.921269426	31524.42088391371	
1539179712833392384	4383175.439456899	31524.42088391371	
1539179712843392512	4420703.593781364	31524.42088391371	
1539179712853392384	4463350.199017717	31524.42088391371	
1539179712863392256	4222282.400417464	31524.42088391371	
1539179712873392384	4062917.8088174043	31524.42088391371	
1539179712883392512	3975177.95346375	31524.42088391371	
1539179712893392384	3988375.3478127713	31524.42088391371	
1539179712903392256	3959545.0250686505	31524.42088391371	
1539179712913392384	3816466.2820223467	31524.42088391371	
1539179712923392512	3892662.939739485	31524.42088391371	
1539179712933392384	3688490.6611192194	31524.42088391371	
1539179712943392256	3619160.2878720304	31524.42088391371	
1539179712953392384	3474119.465740219	31524.42088391371	
1539179712963392512	3349320.5187453455	31524.42088391371	
1539179712973392384	3395926.2251590085	31524.42088391371	
1539179712983392512	3232404.8961695703	31524.42088391371	
1539179712993392384	3418382.7515955064	31524.42088391371	
1539179713003392512	3306802.0704008085	31524.42088391371	
1539179713013392384	3303582.2383008846	31524.42088391371	
1539179713023392256	3114624.9547541104	31524.42088391371	
1539179713033392384	3066170.327333065	31524.42088391371	
1539179713043392512	3091683.1467436417	31524.42088391371	
1539179713053392384	2835599.4045713264	31524.42088391371	
1539179713063392256	2910967.0768797304	31524.42088391371	
1539179713073392384	2872536.244493583	31524.42088391371	
1539179713083392512	2848134.2645546505	31524.42088391371	
1539179713093392384	2828265.7167229005	31524.42088391371	
1539179713103392256	2898345.2660730053	31524.42088391371	
1539179713113392384	2775583.9127982925	31524.42088391371	
1539179713123392512	2881121.1782789044	31524.42088391371	
1539179713133392384	2807472.008876627	31524.42088391371	
1539179713143392256	2664585.43609727	31524.42088391371	
1539179713153392384	2650284.815557308	31524.42088391371	
1539179713163392512	2591533.5188054396	31524.42088391371	
1539179713173392384	2546846.570608674	31524.42088391371	
1539179713183392256	2796607.2391426587	31524.42088391371	
1539179713193392384	2676197.3322047335	31524.42088391371	
1539179713203392512	2591584.8596470966	31524.42088391371	
1539179713213392384	2551014.8255252675	31524.42088391371	
1539179713223392512	2484407.2737967963	31524.42088391371	
1539179713233392384	2459120.315047043	31524.42088391371	
1539179713243392512	2407940.7025040034	31524.42088391371	
1539179713253392384	2285259.8255105563	31524.42088391371	
1539179713263392256	2290250.3798137293	31524.42088391371	
1539179713273392384	2384012.210061031	31524.42088391371	
1539179713283392512	2301909.7775871106	31524.42088391371	
1539179713293392384	2103525.70710048	31524.42088391371	
1539179713303392256	2262321.954281989	31524.42088391371	
1539179713313392384	2082717.1631174532	31524.42088391371	
1539179713323392512	2188495.3856787416	31524.42088391371	
1539179713333392384	2083761.695469137	31524.42088391371	
1539179713333392384	2083761.695469137	31524.42088391371	
1539179713343392512	2121736.0726347403	31524.42088391371	
1539179713353392384	2267576.5332556576	31524.42088391371	
1539179713363392512	2046517.1683862058	31524.42088391371	
1539179713373392384	2108544.371978553	31524.42088391371	
1539179713383392256	2174851.996236295	31524.42088391371	
1539179713393392384	2093933.396376132	31524.42088391371	
1539179713403392256	2023209.7114220266	31524.42088391371	
1539179713413392384	2252882.218257861	31524.42088391371	
1539179713423392256	2248634.0401615915	31524.42088391371	
1539179713433392384	2206089.7749869823	31524.42088391371	
1539179713443392256	2344364.83072888	31524.42088391371	
1539179713453392384	2212514.3590346714	31524.42088391371	
1539179713463392256	2468968.5979334516	31524.42088391371	
1539179713473392384	2489308.827547149	31524.42088391371	
1539179713483392512	2507023.4351126268	31524.42088391371	
1539179713493392384	2642103.483255351	31524.42088391371	
1539179713503392256	2603194.884969772	31524.42088391371	
1539179713513392384	2531220.9301404	31524.42088391371	
1539179713523392512	2576187.0482305964	31524.42088391371	
1539179713533392384	2720031.8044429068	31524.42088391371	
1539179713543392256	2721862.635774774	31524.42088391371	
1539179713553392384	2736854.7471754104	31524.42088391371	
1539179713563392512	2759399.574653895	31524.42088391371	
1539179713573392384	2656608.702580329	31524.42088391371	
1539179713583392256	2637932.0561384647	31524.42088391371	
1539179713593392384	2549422.4948523114	31524.42088391371	
1539179713603392512	2520047.3182394975	31524.42088391371	
1539179713613392384	2513123.5112042446	31524.42088391371	
1539179713623392256	2372905.6535940026	31524.42088391371	
1539179713633392384	2265819.3945767377	31524.42088391371	
1539179713643392512	2257035.214077663	31524.42088391371	
1539179713653392384	2293054.1493768343	31524.42088391371	
1539179713663392256	2156144.3923731158	31524.42088391371	
1539179713673392384	2220900.1925154827	31524.42088391371	
1539179713683392512	1935451.6687866964	31524.42088391371	
1539179713693392384	1907108.3519920902	31524.42088391371	
1539179713703392256	2007422.955714284	31524.42088391371	
1539179713713392384	1912153.533211069	31524.42088391371	
1539179713723392512	1706136.644522281	31524.42088391371	
1539179713733392384	1861610.2477790022	31524.42088391371	
1539179713743392256	1816409.8098272036	31524.42088391371	
1539179713753392384	1724798.0155996596	31524.42088391371	
1539179713763392512	1751950.244389071	31524.42088391371	
1539179713773392384	1659311.682131481	31524.42088391371	
1539179713783392256	1785686.041397751	31524.42088391371	
1539179713793392384	1565649.7680595447	31524.42088391371	
1539179713803392512	1739248.4615995882	31524.42088391371	
1539179713813392384	1870992.0708131755	31524.42088391371	
1539179713823392256	1685555.7506463963	31524.42088391371	
1539179713833392384	1822804.0058228604	31524.42088391371	
1539179713843392512	1732431.175423387	31524.42088391371	
1539179713853392384	1631177.5613721614	31524.42088391371	
1539179713863392512	1763029.9591613167	31524.42088391371	
1539179713873392384	1851679.080992645	31524.42088391371	
1539179713883392512	1689881.6883190654	31524.42088391371	
1539179713893392384	1785794.0426169392	31524.42088391371	
1539179713903392256	1835569.411562824	31524.42088391371	
1539179713913392384	1826382.7845866468	31524.42088391371	
1539179713923392512	1915994.6285375005	31524.42088391371	
1539179713933392384	1970140.1507478235	31524.42088391371	
1539179713943392256	1936642.36636724	31524.42088391371	
1539179713953392384	1774114.293958604	31524.42088391371	
1539179713963392512	1887388.7837002296	31524.42088391371	
1539179713973392384	1915644.1410744186	31524.42088391371	
1539179713983392256	2174116.0457684454	31524.42088391371	
1539179713993392384	2084213.2541138448	31524.42088391371	
1539179714003392512	2193180.30255066	31524.42088391371	
1539179714013392384	2055167.514568326	31524.42088391371	
1539179714023392256	2187389.393979853	31524.42088391371	
1539179714033392384	2266876.827209611	31524.42088391371	
1539179714043392512	2103766.436433443	31524.42088391371	
1539179714053392384	2115046.487854928	31524.42088391371	
1539179714063392256	2098377.160955048	31524.42088391371	
1539179714073392384	2049272.4114186827	31524.42088391371	
1539179714083392512	2003784.5883880812	31524.42088391371	
1539179714093392384	1858533.7177938279	31524.42088391371	
1539179714103392256	1914586.5457646078	31524.42088391371	
1539179714113392384	1868978.1791228927	31524.42088391371	
1539179714123392512	1824506.0295551606	31524.42088391371	
1539179714133392384	1816149.1851047142	31524.42088391371	
1539179714143392256	1687835.7167365942	31524.42088391371	
1539179714153392384	1738027.19702238	31524.42088391371	
1539179714163392512	1622686.9281543042	31524.42088391371	
1539179714173392384	1510791.460577354	31524.42088391371	
1539179714183392256	1599150.9686558277	31524.42088391371	
1539179714193392384	1531863.655073918	31524.42088391371	
1539179714203392512	1566926.6518818804	31524.42088391371	
1539179714213392384	1612478.5208230019	31524.42088391371	
1539179714223392256	1374371.7353141978	31524.42088391371	
1539179714233392384	1427065.1218367973	31524.42088391371	
1539179714243392512	1486370.626381298	31524.42088391371	
1539179714253392384	1454026.8624388	31524.42088391371	
1539179714263392256	1386954.1457665209	31524.42088391371	
1539179714273392384	1438056.3728901183	31524.42088391371	
1539179714283392512	1429753.2508717019	31524.42088391371	
1539179714293392384	1302445.600997542	31524.42088391371	
1539179714303392256	1414925.0787821803	31524.42088391371	
1539179714313392384	1313355.389947353	31524.42088391371	
1539179714323392512	1341214.7591188806	31524.42088391371	
1539179714333392384	1398198.310655467	31524.42088391371	
1539179714333392384	1398198.310655467	31524.42088391371	
1539179714343392256	1409640.5932802162	31524.42088391371	
1539179714353392384	1523579.0717193645	31524.42088391371	
1539179714363392512	1467951.979056143	31524.42088391371	
1539179714373392384	1453184.7262263915	31524.42088391371	
1539179714383392512	1493831.4299891351	31524.42088391371	
1539179714393392384	1511197.65513111	31524.42088391371	
1539179714403392512	1655564.9556968266	31524.42088391371	
1539179714413392384	1654070.0197066958	31524.42088391371	
1539179714423392256	1645726.6449067222	31524.42088391371	
1539179714433392384	1659895.1555052733	31524.42088391371	
1539179714443392512	1638907.1137887754	31524.42088391371	
1539179714453392384	1709111.3387442206	31524.42088391371	
1539179714463392256	1726770.6849538349	31524.42088391371	
1539179714473392384	1676127.7110941156	31524.42088391371	
1539179714483392512	1846137.4910971313	31524.42088391371	
1539179714493392384	1850597.5071021619	31524.42088391371	
1539179714503392256	2092548.9830977286	31524.42088391371	
1539179714513392384	1831109.883588608	31524.42088391371	
1539179714523392512	2033971.571724969	31524.42088391371	
1539179714533392384	1955893.815502097	31524.42088391371	
1539179714543392256	1979969.758321741	31524.42088391371	
1539179714553392384	2100974.395877573	31524.42088391371	
1539179714563392512	1920268.65599923	31524.42088391371	
1539179714573392384	1794023.3808833223	31524.42088391371	
1539179714583392256	1848661.9768929493	31524.42088391371	
1539179714593392384	1790926.9229732335	31524.42088391371	
1539179714603392512	1789102.029349606	31524.42088391371	
1539179714613392384	1681335.7481958012	31524.42088391371	
1539179714623392256	1795215.3636116767	31524.42088391371	
1539179714633392384	1687064.9371363027	31524.42088391371	
1539179714643392512	1722210.8015765203	31524.42088391371	
1539179714653392384	1641706.718822265	31524.42088391371	
1539179714663392256	1505066.3222926108	31524.42088391371	
1539179714673392384	1719335.3402868062	31524.42088391371	
1539179714683392512	1688394.4144127178	31524.42088391371	
1539179714693392384	1470628.2977453433	31524.42088391371	
1539179714703392256	1580004.250933703	31524.42088391371	
1539179714713392384	1441784.2450676498	31524.42088391371	
1539179714723392512	1429585.6480759424	31524.42088391371	
1539179714733392384	1456856.1820417987	31524.42088391371	
1539179714743392256	1489544.0304830957	31524.42088391371	
1539179714753392384	1486815.4013976878	31524.42088391371	
1539179714763392512	1527399.7998931487	31524.42088391371	
1539179714773392384	1596398.0519035652	31524.42088391371	
1539179714783392256	1441080.8950581902	31524.42088391371	
1539179714793392384	1388034.5077138154	31524.42088391371	
1539179714803392512	1471210.837353511	31524.42088391371	
1539179714813392384	1401407.7379384318	31524.42088391371	
1539179714823392256	1551184.6974028836	31524.42088391371	
1539179714833392384	1431329.307343773	31524.42088391371	
1539179714843392512	1429524.8459435676	31524.42088391371	
1539179714853392384	1510687.8028324128	31524.42088391371	
1539179714863392512	1499793.0192033697	31524.42088391371	
1539179714873392384	1546598.2000784997	31524.42088391371	
1539179714883392512	1645178.944191612	31524.42088391371	
1539179714893392384	1762168.6010419056	31524.42088391371	
1539179714903392512	1664457.7555874535	31524.42088391371	
1539179714913392384	1709042.2661163139	31524.42088391371	
1539179714923392512	1813218.413656055	31524.42088391371	
1539179714933392384	1733243.2586982555	31524.42088391371	
1539179714943392256	1861881.33262861	31524.42088391371	
1539179714953392384	1693846.450653821	31524.42088391371	
1539179714963392512	1815080.1861415443	31524.42088391371	
1539179714973392384	1761718.5715604157	31524.42088391371	
1539179714983392256	1727096.9660885313	31524.42088391371	
1539179714993392384	1803283.7818509166	31524.42088391371	
1539179715003392512	1843742.2358609196	31524.42088391371	
1539179715013392384	1784420.0406625727	31524.42088391371	
1539179715023392256	1898207.5158607224	31524.42088391371	
1539179715033392384	1840664.2743186906	31524.42088391371	
1539179715043392512	1907290.1272026948	31524.42088391371	
1539179715053392384	1876166.6452686992	31524.42088391371	
1539179715063392256	1905453.5696426071	31524.42088391371	
1539179715073392384	1956487.1796337247	31524.42088391371	
1539179715083392512	1789047.1584183935	31524.42088391371	
1539179715093392384	1864766.7172115466	31524.42088391371	
1539179715103392256	1826682.2565619482	31524.42088391371	
1539179715113392384	1732442.0585105442	31524.42088391371	
1539179715123392512	1866567.306900626	31524.42088391371	
1539179715133392384	1755966.4777070337	31524.42088391371	
1539179715143392256	1707430.2352661567	31524.42088391371	
1539179715153392384	1740889.9207078433	31524.42088391371	
1539179715163392512	1782877.5704711364	31524.42088391371	
1539179715173392384	1623740.9380643999	31524.42088391371	
1539179715183392256	1549908.626965238	31524.42088391371	
1539179715193392384	1637482.1126143225	31524.42088391371	
1539179715203392512	1596485.2142069857	31524.42088391371	
1539179715213392384	1603325.616776087	31524.42088391371	
1539179715223392256	1638164.5423695457	31524.42088391371	
1539179715233392384	1476090.3386181383	31524.42088391371	
1539179715243392512	1532878.8730413606	31524.42088391371	
1539179715253392384	1455965.0442821034	31524.42088391371	
1539179715263392256	1485464.2815814314	31524.42088391371	
1539179715273392384	1202967.8627549638	31524.42088391371	
1539179715283392512	1426802.0569602365	31524.42088391371	
1539179715293392384	1326408.1319630377	31524.42088391371	
1539179715303392256	1329616.5848111438	31524.42088391371	
1539179715313392384	1427541.9442099878	31524.42088391371	
1539179715323392512	1334154.075707932	31524.42088391371	
1539179715333392384	1470662.638846971	31524.42088391371	
1539179715333392384	1470662.638846971	31524.42088391371	
1539179715343392256	1463777.8498753156	31524.42088391371	
1539179715353392384	1342899.278812644	31524.42088391371	
1539179715363392512	1417731.2478301215	31524.42088391371	
1539179715373392384	1454921.8393742342	31524.42088391371	
1539179715383392256	1468215.1805813315	31524.42088391371	
1539179715393392384	1307970.2627308797	31524.42088391371	
1539179715403392512	1514712.3977449923	31524.42088391371	
1539179715413392384	1397136.2726384767	31524.42088391371	
1539179715423392256	1566572.048692265	31524.42088391371	
1539179715433392384	1515905.3402672813	31524.42088391371	
1539179715443392512	1508414.766779777	31524.42088391371	
1539179715453392384	1689540.0830168023	31524.42088391371	
1539179715463392256	1587810.4014133788	31524.42088391371	
1539179715473392384	1754658.4087156688	31524.42088391371	
1539179715483392512	1724657.836882121	31524.42088391371	
1539179715493392384	1828087.980519239	31524.42088391371	
1539179715503392256	1881492.0375135117	31524.42088391371	
1539179715513392384	1787216.7825819526	31524.42088391371	
1539179715523392512	1657213.8166057637	31524.42088391371	
1539179715533392384	1837225.202509323	31524.42088391371	
1539179715543392256	1698105.1864833718	31524.42088391371	
1539179715553392384	1836015.439191637	31524.42088391371	
1539179715563392512	1709359.0306501328	31524.42088391371	
1539179715573392384	1973779.3965294915	31524.42088391371	
1539179715583392256	1712633.9939643708	31524.42088391371	
1539179715593392384	1797819.0730763366	31524.42088391371	
1539179715603392512	1937799.8615847228	31524.42088391371	
1539179715613392384	1816974.5916208115	31524.42088391371	
1539179715623392256	1939435.2528431874	31524.42088391371	
1539179715633392384	1882809.7857826913	31524.42088391371	
1539179715643392512	1958952.662504103	31524.42088391371	
1539179715653392384	1850900.997197834	31524.42088391371	
1539179715663392256	1822925.8020463972	31524.42088391371	
1539179715673392384	1627791.4148778268	31524.42088391371	
1539179715683392512	1666969.3411020823	31524.42088391371	
1539179715693392384	1829222.9124454109	31524.42088391371	
1539179715703392256	1587703.0183665557	31524.42088391371	
1539179715713392384	1672258.0252958178	31524.42088391371	
1539179715723392512	1638905.0965947432	31524.42088391371	
1539179715733392384	1600301.2898203414	31524.42088391371	
1539179715743392256	1597878.997677022	31524.42088391371	
1539179715753392384	1600702.2559373074	31524.42088391371	
1539179715763392512	1453106.7063668908	31524.42088391371	
1539179715773392384	1560580.2341029362	31524.42088391371	
1539179715783392256	1412814.6871322314	31524.42088391371	
1539179715793392384	1489998.0130141808	31524.42088391371	
1539179715803392512	1383301.1537835852	31524.42088391371	
1539179715813392384	1473503.9379796896	31524.42088391371	
1539179715823392256	1435039.5128058295	31524.42088391371	
1539179715833392384	1322910.4964559635	31524.42088391371	
1539179715843392512	1307036.3018940056	31524.42088391371	
1539179715853392384	1341521.7386348746	31524.42088391371	
1539179715863392256	1363072.0162508995	31524.42088391371	
1539179715873392384	1379272.2479321465	31524.42088391371	
1539179715883392512	1442570.9019370975	31524.42088391371	
1539179715893392384	1430831.572850193	31524.42088391371	
1539179715903392256	1375431.5983405255	31524.42088391371	
1539179715913392384	1324281.1049694014	31524.42088391371	
1539179715923392512	1300217.584160749	31524.42088391371	
1539179715933392384	1497742.2161158375	31524.42088391371	
1539179715943392256	1380155.007829531	31524.42088391371	
1539179715953392384	1504845.1955306856	31524.42088391371	
1539179715963392512	1562747.253595029	31524.42088391371	
1539179715973392384	1501185.5907302173	31524.42088391371	
1539179715983392256	1648763.2539712929	31524.42088391371	
1539179715993392384	1654518.9917880879	31524.42088391371	
1539179716003392512	1572585.9060067034	31524.42088391371	
1539179716013392384	1617586.4302693023	31524.42088391371	
1539179716023392256	1537561.8865931034	31524.42088391371	
1539179716033392384	1641142.6365394911	31524.42088391371	
1539179716043392512	1591779.9627178076	31524.42088391371	
1539179716053392384	1579382.8575656454	31524.42088391371	
1539179716063392256	1757591.929404582	31524.42088391371	
1539179716073392384	1849947.6452699413	31524.42088391371	
1539179716083392512	1571073.7425288304	31524.42088391371	
1539179716093392384	1781994.7552635926	31524.42088391371	
1539179716103392256	1817497.972133679	31524.42088391371	
1539179716113392384	1779853.5037984909	31524.42088391371	
1539179716123392512	1729408.702984735	31524.42088391371	
1539179716133392384	1851784.511916211	31524.42088391371	
1539179716143392512	1711654.516120223	31524.42088391371	
1539179716153392384	1856566.5957232418	31524.42088391371	
1539179716163392512	1914461.6261438602	31524.42088391371	
1539179716173392384	1905014.2117682553	31524.42088391371	
1539179716183392512	1851896.0920280367	31524.42088391371	
1539179716193392384	1769901.1239394082	31524.42088391371	
1539179716203392512	1781127.394365166	31524.42088391371	
1539179716213392384	1803082.2739277235	31524.42088391371	
1539179716223392256	1885319.5493156137	31524.42088391371	
1539179716233392384	1877736.4289180383	31524.42088391371	
1539179716243392512	1798843.1406692108	31524.42088391371	
1539179716253392384	1865864.0219619416	31524.42088391371	
1539179716263392256	1989646.1567553796	31524.42088391371	
1539179716273392384	1793632.7447519233	31524.42088391371	
1539179716283392512	1741312.4089837165	31524.42088391371	
1539179716293392384	1822915.8787531748	31524.42088391371	
1539179716303392256	1789188.2155913978	31524.42088391371	
1539179716313392384	1861869.4734798246	31524.42088391371	
1539179716323392512	1648300.4868855518	31524.42088391371	
1539179716333392384	1654509.426384129	31524.42088391371	
1539179716333392384	1654509.426384129	31524.42088391371	
1539179716343392256	1694408.9712379896	31524.42088391371	
1539179716353392384	1519492.3830195216	31524.42088391371	
1539179716363392512	1551227.4977052908	31524.42088391371	
1539179716373392384	1647295.4036913512	31524.42088391371	
1539179716383392256	1576954.3348955978	31524.42088391371	
1539179716393392384	1720955.2935038477	31524.42088391371	
1539179716403392512	1590581.2126288293	31524.42088391371	
1539179716413392384	1517486.7390499993	31524.42088391371	
1539179716423392256	1438113.3586215258	31524.42088391371	
1539179716433392384	1550430.1854963994	31524.42088391371	
1539179716443392512	1540590.355303693	31524.42088391371	
1539179716453392384	1384396.0834506843	31524.42088391371	
1539179716463392256	1488107.9347414665	31524.42088391371	
1539179716473392384	1272690.9218629717	31524.42088391371	
1539179716483392512	1499362.9664498759	31524.42088391371	
1539179716493392384	1351808.3057278441	31524.42088391371	
1539179716503392256	1380256.9639737	31524.42088391371	
1539179716513392384	1658532.8662904485	31524.42088391371	
1539179716523392512	1535769.1053970514	31524.42088391371	
1539179716533392384	1484309.2004897096	31524.42088391371	
1539179716543392256	1413277.7795718487	31524.42088391371	
1539179716553392384	1434750.338280708	31524.42088391371	
1539179716563392512	1540341.596237067	31524.42088391371	
1539179716573392384	1583230.6551819255	31524.42088391371	
1539179716583392256	1599216.4786587905	31524.42088391371	
1539179716593392384	1624912.9521986055	31524.42088391371	
1539179716603392512	1399412.0107550542	31524.42088391371	
1539179716613392384	1636635.118868543	31524.42088391371	
1539179716623392256	1598677.8553168252	31524.42088391371	
1539179716633392384	1632038.4705032236	31524.42088391371	
1539179716643392512	1567174.5390001184	31524.42088391371	
1539179716653392384	1658378.6160177658	31524.42088391371	
1539179716663392256	1724972.5679542138	31524.42088391371	
1539179716673392384	1653939.3250546465	31524.42088391371	
1539179716683392512	1667537.6692529395	31524.42088391371	
1539179716693392384	1771077.4896817077	31524.42088391371	
1539179716703392256	1632997.4673208676	31524.42088391371	
1539179716713392384	1709331.6195860675	31524.42088391371	
1539179716723392512	1540519.0767765064	31524.42088391371	
1539179716733392384	1640125.9870149936	31524.42088391371	
1539179716743392256	1875676.1580327102	31524.42088391371	
1539179716753392384	1781274.828474143	31524.42088391371	
1539179716763392512	1709433.8783093414	31524.42088391371	
1539179716773392384	1723322.8285898112	31524.42088391371	
1539179716783392256	1866300.646863734	31524.42088391371	
1539179716793392384	1682581.8210060657	31524.42088391371	
1539179716803392512	1857031.9005692166	31524.42088391371	
1539179716813392384	1706259.465610527	31524.42088391371	
1539179716823392256	1775725.1698025009	31524.42088391371	
1539179716833392384	1818663.6011980656	31524.42088391371	
1539179716843392512	1781786.2847674503	31524.42088391371	
1539179716853392384	1886222.536463478	31524.42088391371	
1539179716863392256	1787284.1145666216	31524.42088391371	
1539179716873392384	1761411.8767290635	31524.42088391371	
1539179716883392512	1954180.2254395	31524.42088391371	
1539179716893392384	1906786.479402416	31524.42088391371	
1539179716903392256	1972597.7112513173	31524.42088391371	
1539179716913392384	1750576.030954685	31524.42088391371	
1539179716923392512	1890115.151576198	31524.42088391371	
1539179716933392384	1740032.0113395187	31524.42088391371	
1539179716943392256	1842521.7684007087	31524.42088391371	
1539179716953392384	1598586.7562315036	31524.42088391371	
1539179716963392512	1669044.2854472243	31524.42088391371	
1539179716973392384	1874771.7067924028	31524.42088391371	
1539179716983392256	1786597.471478702	31524.42088391371	
1539179716993392384	1698185.5163553932	31524.42088391371	
1539179717003392512	1810233.8286762806	31524.42088391371	
1539179717013392384	1777962.6934795554	31524.42088391371	
1539179717023392256	1565748.7081732817	31524.42088391371	
1539179717033392384	1698929.2753162705	31524.42088391371	
1539179717043392512	1575585.6199417186	31524.42088391371	
1539179717053392384	1584847.6314110002	31524.42088391371	
1539179717063392256	1710659.3887546328	31524.42088391371	
1539179717073392384	1670968.7048215666	31524.42088391371	
1539179717083392512	1537031.4459011233	31524.42088391371	
1539179717093392384	1685161.7471023793	31524.42088391371	
1539179717103392256	1668532.4224615726	31524.42088391371	
1539179717113392384	1510512.8112501258	31524.42088391371	
1539179717123392512	1644980.7223425682	31524.42088391371	
1539179717133392384	1605592.8452620339	31524.42088391371	
1539179717143392512	1726835.5767844326	31524.42088391371	
1539179717153392384	1655006.274288397	31524.42088391371	
1539179717163392512	1672981.6855209963	31524.42088391371	
1539179717173392384	1652598.444124872	31524.42088391371	
1539179717183392512	1544941.9373688803	31524.42088391371	
1539179717193392384	1679188.3638101341	31524.42088391371	
1539179717203392512	1585555.0320762177	31524.42088391371	
1539179717213392384	1823892.2982708865	31524.42088391371	
1539179717223392256	1825382.8257159954	31524.42088391371	
1539179717233392384	1887920.9650354472	31524.42088391371	
1539179717243392512	1712151.933393774	31524.42088391371	
1539179717253392384	1765050.0163075528	31524.42088391371	
1539179717263392256	1767895.4148991108	31524.42088391371	
1539179717273392384	1773942.5396473848	31524.42088391371	
1539179717283392512	1685749.3362027048	31524.42088391371	
1539179717293392384	1718922.612627217	31524.42088391371	
1539179717303392256	1985221.8971413379	31524.42088391371	
1539179717313392384	1739472.7768294995	31524.42088391371	
1539179717323392512	2005922.3422990143	31524.42088391371	
1539179717333392384	1759812.567215464	31524.42088391371	
1539179717333392384	1759812.567215464	31524.42088391371	
1539179717343392256	1853114.607364991	31524.42088391371	
1539179717353392384	1812128.7547217493	31524.42088391371	
1539179717363392512	1865131.2111589971	31524.42088391371	
1539179717373392384	1860287.2287770289	31524.42088391371	
1539179717383392256	2052975.1337415876	31524.42088391371	
1539179717393392384	1888905.1767784928	31524.42088391371	
1539179717403392512	2017751.3958511134	31524.42088391371	
1539179717413392384	1903375.1114756025	31524.42088391371	
1539179717423392256	1916211.9811944622	31524.42088391371	
1539179717433392384	2005361.2044688193	31524.42088391371	
1539179717443392512	1969666.6469841695	31524.42088391371	
1539179717453392384	1843052.9736742978	31524.42088391371	
1539179717463392256	1821105.7887309114	31524.42088391371	
1539179717473392384	2007040.437162095	31524.42088391371	
1539179717483392512	1947226.2743676223	31524.42088391371	
1539179717493392384	2042088.7279748556	31524.42088391371	
1539179717503392256	1966450.8818076972	31524.42088391371	
1539179717513392384	1906434.7718622983	31524.42088391371	
1539179717523392512	1926666.8863829512	31524.42088391371	
1539179717533392384	1822033.2262225687	31524.42088391371	
1539179717543392256	1825789.2903134685	31524.42088391371	
1539179717553392384	1803835.1265294391	31524.42088391371	
1539179717563392512	1799328.4059754873	31524.42088391371	
1539179717573392384	1853332.3992496855	31524.42088391371	
1539179717583392256	1795917.8026302832	31524.42088391371	
1539179717593392384	1744683.5306360507	31524.42088391371	
1539179717603392512	1733770.6085284124	31524.42088391371	
1539179717613392384	1614096.1802952166	31524.42088391371	
1539179717623392256	1571445.8822923698	31524.42088391371	
1539179717633392384	1618621.4460201084	31524.42088391371	
1539179717643392512	1656194.0274163613	31524.42088391371	
1539179717653392384	1558548.4886186996	31524.42088391371	
1539179717663392256	1700580.5601115846	31524.42088391371	
1539179717673392384	1455057.707152914	31524.42088391371	
1539179717683392512	1370084.3829844706	31524.42088391371	
1539179717693392384	1534337.515806607	31524.42088391371	
1539179717703392256	1487857.0055644864	31524.42088391371	
1539179717713392384	1456365.4263888618	31524.42088391371	
1539179717723392512	1462659.37272143	31524.42088391371	
1539179717733392384	1515583.890637646	31524.42088391371	
1539179717743392256	1503740.8143334843	31524.42088391371	
1539179717753392384	1503102.9417915998	31524.42088391371	
1539179717763392512	1447790.9608645064	31524.42088391371	
1539179717773392384	1477848.2418786674	31524.42088391371	
1539179717783392256	1522454.095621803	31524.42088391371	
1539179717793392384	1557659.0768613173	31524.42088391371	
1539179717803392512	1539544.820862071	31524.42088391371	
1539179717813392384	1652190.0762072233	31524.42088391371	
1539179717823392256	1673731.1544423997	31524.42088391371	
1539179717833392384	1580699.4996316466	31524.42088391371	
1539179717843392512	1713885.223633572	31524.42088391371	
1539179717853392384	1730439.4565997638	31524.42088391371	
1539179717863392256	1714969.0261981073	31524.42088391371	
1539179717873392384	1609542.05568151	31524.42088391371	
1539179717883392512	1775844.1191796213	31524.42088391371	
1539179717893392384	1892141.0325568172	31524.42088391371	
1539179717903392256	1783515.377942246	31524.42088391371	
1539179717913392384	1877099.8089885768	31524.42088391371	
1539179717923392512	1795155.189412283	31524.42088391371	
1539179717933392384	1844869.635844859	31524.42088391371	
1539179717943392256	1864820.9048996193	31524.42088391371	
1539179717953392384	1870097.3151183778	31524.42088391371	
1539179717963392512	1748781.557918477	31524.42088391371	
1539179717973392384	1853321.4348240593	31524.42088391371	
1539179717983392256	1799526.7905014697	31524.42088391371	
1539179717993392384	1976161.7189491263	31524.42088391371	
1539179718003392512	1898435.442518659	31524.42088391371	
1539179718013392384	1942266.3195965008	31524.42088391371	
1539179718023392256	1977540.3571962276	31524.42088391371	
1539179718033392384	1998448.4106622743	31524.42088391371	
1539179718043392512	1929081.4351040183	31524.42088391371	
1539179718053392384	1922586.7535637126	31524.42088391371	
1539179718063392256	1883173.7591639396	31524.42088391371	
1539179718073392384	1883170.830979054	31524.42088391371	
1539179718083392512	1971912.0279573326	31524.42088391371	
1539179718093392384	1955973.754949467	31524.42088391371	
1539179718103392256	1964900.2126985816	31524.42088391371	
1539179718113392384	1821165.068207146	31524.42088391371	
1539179718123392512	1851734.7978439354	31524.42088391371	
1539179718133392384	1928740.8383987707	31524.42088391371	
1539179718143392512	1831595.1488948846	31524.42088391371	
1539179718153392384	1793104.207380119	31524.42088391371	
1539179718163392512	1904948.4577498853	31524.42088391371	
1539179718173392384	1783041.8091078165	31524.42088391371	
1539179718183392512	1819489.7397603837	31524.42088391371	
1539179718193392384	1822905.8903891763	31524.42088391371	
1539179718203392512	1759023.6654042706	31524.42088391371	
1539179718213392384	1680571.7034207461	31524.42088391371	
1539179718223392512	1821970.872152205	31524.42088391371	
1539179718233392384	1566983.2634563304	31524.42088391371	
1539179718243392512	1768849.9543686511	31524.42088391371	
1539179718253392384	1756629.4838358504	31524.42088391371	
1539179718263392256	1584805.579422508	31524.42088391371	
1539179718273392384	1612451.8418051577	31524.42088391371	
1539179718283392512	1663909.2252199594	31524.42088391371	
1539179718293392384	1614826.5997471719	31524.42088391371	
1539179718303392256	1556138.2752380322	31524.42088391371	
1539179718313392384	1692007.1438534798	31524.42088391371	
1539179718323392512	1675459.8246571566	31524.42088391371	
1539179718333392384	1554127.604551123	31524.42088391371	
1539179718333392384	1554127.604551123	31524.42088391371	
1539179718343392256	1626855.5181853897	31524.42088391371	
1539179718353392384	1580515.0077161759	31524.42088391371	
1539179718363392512	1718535.4903176809	31524.42088391371	
1539179718373392384	1692738.6207055328	31524.42088391371	
1539179718383392256	1622549.7199176543	31524.42088391371	
1539179718393392384	1732050.5927267612	31524.42088391371	
1539179718403392512	1721812.4708259506	31524.42088391371	
1539179718413392384	1740387.5580553748	31524.42088391371	
1539179718423392256	1830732.8635169263	31524.42088391371	
1539179718433392384	1641151.51870031	31524.42088391371	
1539179718443392512	1812575.9698922103	31524.42088391371	
1539179718453392384	1694176.733641194	31524.42088391371	
1539179718463392256	1779413.5765548556	31524.42088391371	
1539179718473392384	1900509.0366452157	31524.42088391371	
1539179718483392512	1844367.4521370225	31524.42088391371	
1539179718493392384	1855163.230581553	31524.42088391371	
1539179718503392256	1787978.1431875294	31524.42088391371	
1539179718513392384	1807043.083212884	31524.42088391371	
1539179718523392512	1761637.786192968	31524.42088391371	
1539179718533392384	1864991.195118396	31524.42088391371	
1539179718543392256	1806743.8877883768	31524.42088391371	
1539179718553392384	1894489.5019056383	31524.42088391371	
1539179718563392512	1913640.628172785	31524.42088391371	
1539179718573392384	1870214.8654738304	31524.42088391371	
1539179718583392256	1888515.0286779082	31524.42088391371	
1539179718593392384	1833803.6184707987	31524.42088391371	
1539179718603392512	1942360.2980636263	31524.42088391371	
1539179718613392384	1924984.0910647314	31524.42088391371	
1539179718623392256	1852710.1762292436	31524.42088391371	
1539179718633392384	1852280.1885465246	31524.42088391371	
1539179718643392512	1971987.2335058046	31524.42088391371	
1539179718653392384	1940633.2546182505	31524.42088391371	
1539179718663392256	2065787.0813535342	31524.42088391371	
1539179718673392384	1943943.5838988256	31524.42088391371	
1539179718683392512	1926594.1372562442	31524.42088391371	
1539179718693392384	1919797.21823269	31524.42088391371	
1539179718703392256	1915805.2888492756	31524.42088391371	
1539179718713392384	2012384.4233809297	31524.42088391371	
1539179718723392512	1877328.3700865717	31524.42088391371	
1539179718733392384	1859468.898707738	31524.42088391371	
1539179718743392256	1827096.6435263057	31524.42088391371	
1539179718753392384	1895484.271381965	31524.42088391371	
1539179718763392512	1775646.5480383297	31524.42088391371	
1539179718773392384	1776958.9279685533	31524.42088391371	
1539179718783392256	1593763.2971720428	31524.42088391371	
1539179718793392384	1761846.8260583938	31524.42088391371	
1539179718803392512	1702825.8597462792	31524.42088391371	
1539179718813392384	1609541.551383002	31524.42088391371	
1539179718823392256	1576307.1572328554	31524.42088391371	
1539179718833392384	1639061.4291322327	31524.42088391371	
1539179718843392512	1643320.652992598	31524.42088391371	
1539179718853392384	1511205.9939509558	31524.42088391371	
1539179718863392256	1671716.075210469	31524.42088391371	
1539179718873392384	1775103.1257266912	31524.42088391371	
1539179718883392512	1482050.577613787	31524.42088391371	
1539179718893392384	1755493.120352624	31524.42088391371	
1539179718903392256	1587567.0204463252	31524.42088391371	
1539179718913392384	1488933.79675299	31524.42088391371	
1539179718923392512	1688434.1726563831	31524.42088391371	
1539179718933392384	1648292.889872544	31524.42088391371	
1539179718943392256	1693358.5499811477	31524.42088391371	
1539179718953392384	1691775.1502720916	31524.42088391371	
1539179718963392512	1713999.6993948952	31524.42088391371	
1539179718973392384	1654987.940597476	31524.42088391371	
1539179718983392256	1672313.6038717108	31524.42088391371	
1539179718993392384	1757928.5242571519	31524.42088391371	
1539179719003392512	1709706.7038021863	31524.42088391371	
1539179719013392384	1591985.0495336384	31524.42088391371	
1539179719023392256	1633051.118175045	31524.42088391371	
1539179719033392384	1597554.9289486834	31524.42088391371	
1539179719043392512	1805460.415550049	31524.42088391371	
1539179719053392384	1784589.5337643526	31524.42088391371	
1539179719063392256	1784502.550405564	31524.42088391371	
1539179719073392384	1871159.270170129	31524.42088391371	
1539179719083392512	1908222.7215532893	31524.42088391371	
1539179719093392384	1821026.0607635612	31524.42088391371	
1539179719103392256	1767786.1610675	31524.42088391371	
1539179719113392384	1996388.4813985163	31524.42088391371	
1539179719123392512	2001837.0200854512	31524.42088391371	
1539179719133392384	1914244.2572192047	31524.42088391371	
1539179719143392512	1888269.1262183147	31524.42088391371	
1539179719153392384	1843336.8123958504	31524.42088391371	
1539179719163392512	2063297.8801855848	31524.42088391371	
1539179719173392384	1892268.5550085737	31524.42088391371	
1539179719183392512	2024199.3403071102	31524.42088391371	
1539179719193392384	1859486.760635539	31524.42088391371	
1539179719203392512	1998295.00630967	31524.42088391371	
1539179719213392384	1916509.240763406	31524.42088391371	
1539179719223392512	1902303.0216506089	31524.42088391371	
1539179719233392384	2018944.4197118718	31524.42088391371	
1539179719243392512	1950694.1562627226	31524.42088391371	
1539179719253392384	2081318.2715915616	31524.42088391371	
1539179719263392512	1864592.978241683	31524.42088391371	
1539179719273392384	1843886.058541872	31524.42088391371	
1539179719283392512	2004766.2623708926	31524.42088391371	
1539179719293392384	2009560.5144128914	31524.42088391371	
1539179719303392256	1931258.6056370465	31524.42088391371	
1539179719313392384	1952578.2154887284	31524.42088391371	
1539179719323392512	1811697.0589311805	31524.42088391371	
1539179719333392384	2022844.8595853131	31524.42088391371	
1539179719333392384	2022844.8595853131	31524.42088391371	
1539179719343392256	1978306.4028976213	31524.42088391371	
1539179719353392384	1829100.3516402652	31524.42088391371	
1539179719363392256	1883733.3190278353	31524.42088391371	
1539179719373392384	1894025.9702382884	31524.42088391371	
1539179719383392512	1919474.1418336732	31524.42088391371	
1539179719393392384	1825071.657268846	31524.42088391371	
1539179719403392512	1814668.8737713161	31524.42088391371	
1539179719413392384	1657417.4067937639	31524.42088391371	
1539179719423392256	1779717.0015797524	31524.42088391371	
1539179719433392384	1859970.1714247216	31524.42088391371	
1539179719443392256	1763828.7029272635	31524.42088391371	
1539179719453392384	1713955.923030859	31524.42088391371	
1539179719463392512	1771687.6095379568	31524.42088391371	
1539179719473392384	1715500.735770204	31524.42088391371	
1539179719483392512	1816597.4902106605	31524.42088391371	
1539179719493392384	1839000.4145960629	31524.42088391371	
1539179719503392256	1810927.0764478857	31524.42088391371	
1539179719513392384	1769136.395921213	31524.42088391371	
1539179719523392256	1850001.2473210366	31524.42088391371	
1539179719533392384	1735560.526610354	31524.42088391371	
1539179719543392512	1837931.9361990949	31524.42088391371	
1539179719553392384	1921191.8476228039	31524.42088391371	
1539179719563392512	1921512.7441508495	31524.42088391371	
1539179719573392384	1912056.8868421586	31524.42088391371	
1539179719583392256	1922602.2566759111	31524.42088391371	
1539179719593392384	1822529.8301114293	31524.42088391371	
1539179719603392512	2042759.3636520684	31524.42088391371	
1539179719613392384	1902137.6117399747	31524.42088391371	
1539179719623392512	1769733.1600008465	31524.42088391371	
1539179719633392384	1785634.7168237884	31524.42088391371	
1539179719643392512	1920151.3659268785	31524.42088391371	
1539179719653392384	1892922.1584103706	31524.42088391371	
1539179719663392256	1997746.915169909	31524.42088391371	
1539179719673392384	1917434.7098641125	31524.42088391371	
1539179719683392512	2070743.4409643242	31524.42088391371	
1539179719693392384	1931398.9795669112	31524.42088391371	
1539179719703392512	2040704.6400503288	31524.42088391371	
1539179719713392384	1841218.0591512846	31524.42088391371	
1539179719723392512	2032873.193306782	31524.42088391371	
1539179719733392384	1959459.6289139187	31524.42088391371	
1539179719743392256	1852591.4708675307	31524.42088391371	
1539179719753392384	2011557.1135446567	31524.42088391371	
1539179719763392512	1925167.2490293097	31524.42088391371	
1539179719773392384	1888483.322942677	31524.42088391371	
1539179719783392256	1941220.5671677815	31524.42088391371	
1539179719793392384	1948074.9111504762	31524.42088391371	
1539179719803392512	2039011.628620398	31524.42088391371	
1539179719813392384	1890581.7253022902	31524.42088391371	
1539179719823392256	2066631.1957175096	31524.42088391371	
1539179719833392384	1935684.3781466123	31524.42088391371	
1539179719843392512	1802482.3376477975	31524.42088391371	
1539179719853392384	1855350.1951864823	31524.42088391371	
1539179719863392256	2011809.2302632846	31524.42088391371	
1539179719873392384	1829496.713999884	31524.42088391371	
1539179719883392512	1849585.8192242752	31524.42088391371	
1539179719893392384	1940333.6362337049	31524.42088391371	
1539179719903392256	1791080.7340181835	31524.42088391371	
1539179719913392384	1939393.558743959	31524.42088391371	
1539179719923392512	1906507.0980289665	31524.42088391371	
1539179719933392384	1772516.7738913232	31524.42088391371	
1539179719943392256	1835110.9391482482	31524.42088391371	
1539179719953392384	1864368.1912486511	31524.42088391371	
1539179719963392512	1712710.191842165	31524.42088391371	
1539179719973392384	1808465.2700763082	31524.42088391371	
1539179719983392256	1797601.508939356	31524.42088391371	
1539179719993392384	1745417.5127129497	31524.42088391371	
1539179720003392512	1779413.462680999	31524.42088391371	
1539179720013392384	1680714.3710954378	31524.42088391371	
1539179720023392256	1681431.890266203	31524.42088391371	
1539179720033392384	1722442.2420563193	31524.42088391371	
1539179720043392512	1675858.008998482	31524.42088391371	
1539179720053392384	1516603.0128516026	31524.42088391371	
1539179720063392256	1612160.7151567794	31524.42088391371	
1539179720073392384	1592980.1931669228	31524.42088391371	
1539179720083392512	1496602.631629237	31524.42088391371	
1539179720093392384	1529275.6602014755	31524.42088391371	
1539179720103392256	1405564.3451862591	31524.42088391371	
1539179720113392384	1369756.948470283	31524.42088391371	
1539179720123392512	1290943.803014998	31524.42088391371	
1539179720133392384	1479347.8792323084	31524.42088391371	
1539179720143392256	1345934.7491386482	31524.42088391371	
1539179720153392384	1224691.057822315	31524.42088391371	
1539179720163392512	1317102.994837473	31524.42088391371	
1539179720173392384	1277774.9828701504	31524.42088391371	
1539179720183392256	1251946.1537467479	31524.42088391371	
1539179720193392384	1258216.7185230067	31524.42088391371	
1539179720203392512	1274228.4629431844	31524.42088391371	
1539179720213392384	1298486.138677429	31524.42088391371	
1539179720223392256	1168953.432686749	31524.42088391371	
1539179720233392384	1124078.0622996886	31524.42088391371	
1539179720243392512	1129804.1132020545	31524.42088391371	
1539179720253392384	1109017.0019056192	31524.42088391371	
1539179720263392256	1056629.2625748909	31524.42088391371	
1539179720273392384	1119510.760853998	31524.42088391371	
1539179720283392512	1083119.5166072722	31524.42088391371	
1539179720293392384	958543.532996954	31524.42088391371	
1539179720303392256	1162276.8051250542	31524.42088391371	
1539179720313392384	1051323.8861005395	31524.42088391371	
1539179720323392512	1047595.5340260405	31524.42088391371	
1539179720333392384	1034423.0048470044	31524.42088391371	
1539179720333392384	1034423.0048470044	31524.42088391371	
1539179720343392256	997826.9177998549	31524.42088391371	
1539179720353392384	980408.4050364441	31524.42088391371	
1539179720363392512	1010151.7195601206	31524.42088391371	
1539179720373392384	922420.8911497607	31524.42088391371	
1539179720383392256	1022103.9618503465	31524.42088391371	
1539179720393392384	989230.7007421094	31524.42088391371	
1539179720403392512	919097.7282855408	31524.42088391371	
1539179720413392384	926107.8321829032	31524.42088391371	
1539179720423392256	1014232.1679726188	31524.42088391371	
1539179720433392384	833587.8728005557	31524.42088391371	
1539179720443392512	845300.3732068328	31524.42088391371	
1539179720453392384	1073347.659346371	31524.42088391371	
1539179720463392256	732725.5293207872	31524.42088391371	
1539179720473392384	979443.5176868723	31524.42088391371	
1539179720483392512	911000.4235024072	31524.42088391371	
1539179720493392384	1027719.0947360249	31524.42088391371	
1539179720503392256	1085302.8558497925	31524.42088391371	
1539179720513392384	927578.6301689629	31524.42088391371	
1539179720523392512	862468.4025280739	31524.42088391371	
1539179720533392384	752799.1216723636	31524.42088391371	
1539179720543392256	683656.6711972686	31524.42088391371	
1539179720553392384	816090.6032511147	31524.42088391371	
1539179720563392512	873772.3690862252	31524.42088391371	
1539179720573392384	839482.6261947824	31524.42088391371	
1539179720583392256	898451.7977965833	31524.42088391371	
1539179720593392384	1033708.3308958857	31524.42088391371	
1539179720603392512	951451.1584916991	31524.42088391371	
1539179720613392384	904157.361165368	31524.42088391371	
1539179720623392256	655114.8543760545	31524.42088391371	
1539179720633392384	673395.9030399086	31524.42088391371	
1539179720643392512	560709.8662131502	31524.42088391371	
1539179720653392384	358585.1761841203	31524.42088391371	
1539179720663392256	218955.04656777356	31524.42088391371	
1539179720673392384	151542.02962016407	31524.42088391371	
1539179720683392512	240443.1370525082	31524.42088391371	
1539179720693392384	104593.85815662035	31524.42088391371	
1539179720703392512	144069.58175977654	31524.42088391371	
1539179720713392384	245188.08464276118	31524.42088391371	
1539179720723392512	148808.43417051376	31524.42088391371	
1539179720733392384	197525.46648778097	31524.42088391371	
1539179720743392256	248107.31530140276	31524.42088391371	
1539179720753392384	171923.64571099973	31524.42088391371	
1539179720763392512	278992.4503061939	31524.42088391371	
1539179720773392384	216217.04732326805	31524.42088391371	
1539179720783392512	142411.91775101234	31524.42088391371	
1539179720793392384	76402.26789070774	31524.42088391371	
1539179720803392512	223939.41104598847	31524.42088391371	
1539179720813392384	102391.06665655281	31524.42088391371	
1539179720823392256	297363.59108512313	31524.42088391371	
1539179720833392384	134783.7168083885	31524.42088391371	
1539179720843392512	226290.66151974295	31524.42088391371	
1539179720853392384	254685.7047003486	31524.42088391371	
1539179720863392256	212498.89704490977	31524.42088391371	
1539179720873392384	294067.1186749362	31524.42088391371	
1539179720883392512	163681.07611585825	31524.42088391371	
1539179720893392384	197824.39089250908	31524.42088391371	
1539179720903392256	333176.6554656216	31524.42088391371	
1539179720913392384	221578.08224788946	31524.42088391371	
1539179720923392512	270150.95286546595	31524.42088391371	
1539179720933392384	153455.6711593277	31524.42088391371	
1539179720943392256	286772.60338439594	31524.42088391371	
1539179720953392384	315989.8093029534	31524.42088391371	
1539179720963392512	247155.2752003386	31524.42088391371	
1539179720973392384	261805.0354249503	31524.42088391371	
1539179720983392256	305139.1994577062	31524.42088391371	
1539179720993392384	255734.5929710646	31524.42088391371	
1539179721003392512	279079.06438833306	31524.42088391371	
1539179721013392384	359038.41853513697	31524.42088391371	
1539179721023392256	278233.13503775926	31524.42088391371	
1539179721033392384	272699.4816620235	31524.42088391371	
1539179721043392512	230085.23774896254	31524.42088391371	
1539179721053392384	327110.9676519435	31524.42088391371	
1539179721063392256	304827.4481390879	31524.42088391371	
1539179721073392384	229461.29824280864	31524.42088391371	
1539179721083392512	185935.42374947053	31524.42088391371	
1539179721093392384	194032.97010785728	31524.42088391371	
1539179721103392256	277995.21432213223	31524.42088391371	
1539179721113392384	281792.3806935599	31524.42088391371	
1539179721123392512	312595.910927166	31524.42088391371	
1539179721133392384	203631.06806427732	31524.42088391371	
1539179721143392256	261214.61834873306	31524.42088391371	
1539179721153392384	271169.1333426277	31524.42088391371	
1539179721163392512	249110.95413587315	31524.42088391371	
1539179721173392384	277660.40859052684	31524.42088391371	
1539179721183392256	222412.88970156093	31524.42088391371	
1539179721193392384	310616.7185531283	31524.42088391371	
1539179721203392512	166906.39823708864	31524.42088391371	
1539179721213392384	304473.68436247326	31524.42088391371	
1539179721223392256	324120.58730625006	31524.42088391371	
1539179721233392384	257982.1283562572	31524.42088391371	
1539179721243392512	180330.55805606183	31524.42088391371	
1539179721253392384	310819.6287515276	31524.42088391371	
1539179721263392256	254398.75771054014	31524.42088391371	
1539179721273392384	206893.55405736476	31524.42088391371	
1539179721283392512	318543.35408021964	31524.42088391371	
1539179721293392384	313538.6055634917	31524.42088391371	
1539179721303392256	402759.61296495923	31524.42088391371	
1539179721313392384	242892.8308246308	31524.42088391371	
1539179721323392512	272624.9073000713	31524.42088391371	
1539179721333392384	273492.81479300983	31524.42088391371	
1539179721333392384	273492.81479300983	31524.42088391371	
1539179721343392256	233135.5230637173	31524.42088391371	
1539179721353392384	342514.05468154536	31524.42088391371	
1539179721363392512	284456.0707720577	31524.42088391371	
1539179721373392384	319036.74786506116	31524.42088391371	
1539179721383392256	289811.9616892202	31524.42088391371	
1539179721393392384	274446.1951893667	31524.42088391371	
1539179721403392512	250827.20294154316	31524.42088391371	
1539179721413392384	288182.9229651874	31524.42088391371	
1539179721423392256	219978.92841611954	31524.42088391371	
1539179721433392384	279823.84170684277	31524.42088391371	
1539179721443392512	240038.42773919666	31524.42088391371	
1539179721453392384	275224.2017126323	31524.42088391371	
1539179721463392256	345052.4526091075	31524.42088391371	
1539179721473392384	228650.85174195239	31524.42088391371	
1539179721483392512	205935.4417142331	31524.42088391371	
1539179721493392384	350872.70972631226	31524.42088391371	
1539179721503392256	275380.19100178266	31524.42088391371	
1539179721513392384	275371.565870526	31524.42088391371	
1539179721523392512	332382.9091352126	31524.42088391371	
1539179721533392384	291152.9369716185	31524.42088391371	
1539179721543392256	346286.66627058614	31524.42088391371	
1539179721553392384	253871.45944897283	31524.42088391371	
1539179721563392512	404991.2478995321	31524.42088391371	
1539179721573392384	186661.75041234077	31524.42088391371	
1539179721583392256	356998.8726917197	31524.42088391371	
1539179721593392384	232318.2931785587	31524.42088391371	
1539179721603392512	218942.63857953428	31524.42088391371	
1539179721613392384	278320.6043125618	31524.42088391371	
1539179721623392256	323821.53698957193	31524.42088391371	
1539179721633392384	314204.5535420569	31524.42088391371	
1539179721643392512	281076.21011461056	31524.42088391371	
1539179721653392384	233191.31360766076	31524.42088391371	
1539179721663392256	302796.07030473126	31524.42088391371	
1539179721673392384	234908.4137505508	31524.42088391371	
1539179721683392512	219190.0974832684	31524.42088391371	
1539179721693392384	238714.95242841166	31524.42088391371	
1539179721703392512	209353.3419334949	31524.42088391371	
1539179721713392384	327256.74570969096	31524.42088391371	
1539179721723392512	253259.97603462887	31524.42088391371	
1539179721733392384	188919.01265835323	31524.42088391371	
1539179721743392256	264096.6469064372	31524.42088391371	
1539179721753392384	243115.66536905157	31524.42088391371	
1539179721763392512	366151.096749033	31524.42088391371	
1539179721773392384	251355.46050901423	31524.42088391371	
1539179721783392512	282654.53918350674	31524.42088391371	
1539179721793392384	387990.6383624953	31524.42088391371	
1539179721803392512	223016.85093428835	31524.42088391371	
1539179721813392384	326704.4314766174	31524.42088391371	
1539179721823392256	227878.07446886122	31524.42088391371	
1539179721833392384	252023.68043369666	31524.42088391371	
1539179721843392512	208942.36174957445	31524.42088391371	
1539179721853392384	314340.34323580656	31524.42088391371	
1539179721863392256	222104.91622947546	31524.42088391371	
1539179721873392384	334451.4625541658	31524.42088391371	
1539179721883392512	331419.13124235865	31524.42088391371	
1539179721893392384	334152.30064110813	31524.42088391371	
1539179721903392256	387834.6523268836	31524.42088391371	
1539179721913392384	270626.13155087427	31524.42088391371	
1539179721923392512	464387.764497193	31524.42088391371	
1539179721933392384	295741.3668980263	31524.42088391371	
1539179721943392256	315559.0098623135	31524.42088391371	
1539179721953392384	225594.86785405685	31524.42088391371	
1539179721963392512	396193.77588123217	31524.42088391371	
1539179721973392384	316614.7051054878	31524.42088391371	
1539179721983392256	315301.78183429106	31524.42088391371	
1539179721993392384	333642.8371402928	31524.42088391371	
1539179722003392512	324756.7728882868	31524.42088391371	
1539179722013392384	317201.3913488072	31524.42088391371	
1539179722023392256	242266.17615904193	31524.42088391371	
1539179722033392384	397381.36470548925	31524.42088391371	
1539179722043392512	298205.172569173	31524.42088391371	
1539179722053392384	389934.43418693123	31524.42088391371	
1539179722063392256	344496.4342221539	31524.42088391371	
1539179722073392384	283687.897256314	31524.42088391371	
1539179722083392512	180137.78490838176	31524.42088391371	
1539179722093392384	321034.0892916953	31524.42088391371	
1539179722103392256	288948.154305829	31524.42088391371	
1539179722113392384	306727.7571644378	31524.42088391371	
1539179722123392512	287299.7384809943	31524.42088391371	
1539179722133392384	223965.04990749067	31524.42088391371	
1539179722143392256	322638.7215947087	31524.42088391371	
1539179722153392384	252100.10768597352	31524.42088391371	
1539179722163392512	367401.10634119884	31524.42088391371	
1539179722173392384	317121.51397895685	31524.42088391371	
1539179722183392256	229362.34861247076	31524.42088391371	
1539179722193392384	264140.36259197514	31524.42088391371	
1539179722203392512	404985.14507420023	31524.42088391371	
1539179722213392384	258128.75233408267	31524.42088391371	
1539179722223392256	445580.72435561515	31524.42088391371	
1539179722233392384	415717.25339193776	31524.42088391371	
1539179722243392512	243449.88025801786	31524.42088391371	
1539179722253392384	299078.852653259	31524.42088391371	
1539179722263392256	293309.3922233526	31524.42088391371	
1539179722273392384	345980.25937741436	31524.42088391371	
1539179722283392512	285929.28288387816	31524.42088391371	
1539179722293392384	311264.3793663768	31524.42088391371	
1539179722303392256	235473.67218758693	31524.42088391371	
1539179722313392384	353340.50456133444	31524.42088391371	
1539179722323392512	309461.48779862357	31524.42088391371	
1539179722333392384	375379.41619766963	31524.42088391371	
1539179722333392384	375379.41619766963	31524.42088391371	
1539179722343392256	350087.32499052037	31524.42088391371	
1539179722353392384	301539.98798246717	31524.42088391371	
1539179722363392512	380427.13355011295	31524.42088391371	
1539179722373392384	327271.7136147632	31524.42088391371	
1539179722383392256	317383.71315392375	31524.42088391371	
1539179722393392384	302305.158481934	31524.42088391371	
1539179722403392512	384415.225384558	31524.42088391371	
1539179722413392384	266524.45379795734	31524.42088391371	
1539179722423392256	315589.641929753	31524.42088391371	
1539179722433392384	226950.61979851907	31524.42088391371	
1539179722443392512	339867.7433803421	31524.42088391371	
1539179722453392384	265389.386849927	31524.42088391371	
1539179722463392256	293909.9808377999	31524.42088391371	
1539179722473392384	335479.55038221035	31524.42088391371	
1539179722483392512	409570.5866252555	31524.42088391371	
1539179722493392384	309467.0651774455	31524.42088391371	
1539179722503392256	348011.6453456179	31524.42088391371	
1539179722513392384	365147.03353923425	31524.42088391371	
1539179722523392512	395013.5628293474	31524.42088391371	
1539179722533392384	335616.5248521	31524.42088391371	
1539179722543392256	419142.1202510726	31524.42088391371	
1539179722553392384	357484.2551253918	31524.42088391371	
1539179722563392512	232494.92161619652	31524.42088391371	
1539179722573392384	311372.0226963009	31524.42088391371	
1539179722583392256	317687.6977874876	31524.42088391371	
1539179722593392384	298393.17830650584	31524.42088391371	
1539179722603392512	464084.2418661333	31524.42088391371	
1539179722613392384	352982.6572682202	31524.42088391371	
1539179722623392256	298459.3769209474	31524.42088391371	
1539179722633392384	311497.93139283184	31524.42088391371	
1539179722643392512	346906.20674831915	31524.42088391371	
1539179722653392384	276211.41972549347	31524.42088391371	
1539179722663392256	389690.58959060424	31524.42088391371	
1539179722673392384	251315.8083307124	31524.42088391371	
1539179722683392512	401521.1820665379	31524.42088391371	
1539179722693392384	294046.5920500868	31524.42088391371	
1539179722703392512	396649.31685738394	31524.42088391371	
1539179722713392384	355587.8161843988	31524.42088391371	
1539179722723392512	408851.42506812274	31524.42088391371	
1539179722733392384	403555.78090426844	31524.42088391371	
1539179722743392256	291869.5597924557	31524.42088391371	
1539179722753392384	366352.3206382923	31524.42088391371	
1539179722763392512	346519.5854837521	31524.42088391371	
1539179722773392384	337002.4321555023	31524.42088391371	
1539179722783392512	369430.06842302496	31524.42088391371	
1539179722793392384	333486.9181275797	31524.42088391371	
1539179722803392512	327603.5957164375	31524.42088391371	
1539179722813392384	357530.3340188092	31524.42088391371	
1539179722823392256	315812.53373645595	31524.42088391371	
1539179722833392384	381862.03036270867	31524.42088391371	
1539179722843392512	328236.28537107504	31524.42088391371	
1539179722853392384	375183.6345026967	31524.42088391371	
1539179722863392256	525681.8010241004	31524.42088391371	
1539179722873392384	371673.9267400478	31524.42088391371	
1539179722883392512	351884.32765311527	31524.42088391371	
1539179722893392384	350996.2758749351	31524.42088391371	
1539179722903392256	426519.5568084545	31524.42088391371	
1539179722913392384	443892.2711334893	31524.42088391371	
1539179722923392512	333104.2479604846	31524.42088391371	
1539179722933392384	431969.6994899988	31524.42088391371	
1539179722943392256	420094.782428748	31524.42088391371	
1539179722953392384	449820.8255419092	31524.42088391371	
1539179722963392512	452682.75048360607	31524.42088391371	
1539179722973392384	297597.7759248673	31524.42088391371	
1539179722983392256	335663.98259524454	31524.42088391371	
1539179722993392384	466074.4364068469	31524.42088391371	
1539179723003392512	353615.18912622787	31524.42088391371	
1539179723013392384	345569.94259004743	31524.42088391371	
1539179723023392256	489669.4655283074	31524.42088391371	
1539179723033392384	396052.0598666285	31524.42088391371	
1539179723043392512	469353.34301006363	31524.42088391371	
1539179723053392384	346531.74395810376	31524.42088391371	
1539179723063392256	468713.09050457494	31524.42088391371	
1539179723073392384	298250.2602720067	31524.42088391371	
1539179723083392512	449017.6065333962	31524.42088391371	
1539179723093392384	403390.86227798706	31524.42088391371	
1539179723103392256	455410.2326966005	31524.42088391371	
1539179723113392384	451868.13432881143	31524.42088391371	
1539179723123392512	303360.59994908486	31524.42088391371	
1539179723133392384	445626.19418657635	31524.42088391371	
1539179723143392256	361420.06421870907	31524.42088391371	
1539179723153392384	487317.2171942148	31524.42088391371	
1539179723163392512	315289.8787627322	31524.42088391371	
1539179723173392384	428942.0766994873	31524.42088391371	
1539179723183392256	325478.37931712193	31524.42088391371	
1539179723193392384	293663.48135384347	31524.42088391371	
1539179723203392512	417962.7043161844	31524.42088391371	
1539179723213392384	409415.7881312918	31524.42088391371	
1539179723223392256	383317.07471408497	31524.42088391371	
